#Podatki so v X in Y1 (vsak stoplec X se preslika v ustrezen stolpec Y1), generirani so bili z matriko 
#Q1 = [1 0 0; 0 0 -1; 0 1 0] in vektorjem b1 = [0.78258 0.39131 0.38350]'.

# name: X
# type: matrix
# rows: 3
# columns: 100
 0.068016077553309 0.5890459020093477 0.6122891609612539 0.6860060082044764 0.4260309359246284 0.3095525398408293 0.7815939664515498 0.438552015753539 0.7247383426805168 0.1587035734031874 0.7141787425715541 0.8471750385629664 0.3805266157662924 0.7052034023829722 0.2061410610200928 0.8280633499694979 0.7457955860087273 0.902311006603555 0.597268505908115 0.9469102224409035 0.5453301028400743 0.8636787548795961 0.09269983956430632 0.06520408588908015 0.2024113590681439 0.7233138262257275 0.4893110729344096 0.1634112236127005 0.02865729921995179 0.04007073342818838 0.4588009430479752 0.3556360279840041 0.9654935281810854 0.8527345958769386 0.07474989984103446 0.8753798762278612 0.8062271609227561 0.4776150320415152 0.288450805304248 0.5408167236065186 0.5695921089879296 0.06100989386735282 0.5455553813361814 0.5217075258609597 0.2900873675871951 0.7382367502676944 0.4282862745544211 0.007150510116712016 0.9687335670233383 0.4539274742715869 0.1407751975047469 0.3947719900830979 0.5750618359654089 0.9995260011268461 0.7643690662351017 0.6727128887572473 0.2525043932861145 0.6757498006160129 0.06667484781293102 0.7033335623927466 0.8205641673457099 0.5916468929444457 0.5446890199323203 0.1760339528503884 0.5687416578121105 0.2794175459130804 0.5710137963224975 0.4327417168841872 0.5920063044388301 0.7523491177619812 0.6251867023886342 0.6046971229766074 0.1328423724810732 0.8470271015225084 0.8159524246245156 0.2819766548726805 0.6433999421523995 0.3704576870213037 0.5653700041279164 0.507684873662598 0.1514728794724139 0.7600819105604271 0.1505244932326371 0.2737007735555482 0.7224171378114939 0.3190910606217066 0.6408928301565729 0.5863929607040912 0.8886379968257686 0.6046497440090964 0.9646454118426707 0.06714641259028535 0.4129016863936314 0.0158674825097425 0.7480920475929488 0.3457536180316568 0.5608619262453893 0.8407878564305257 0.2145400978542061 0.1627838543497005
 0.284993105526884 0.3138769324603068 0.3379712124012677 0.8770623427949542 0.07061728298567187 0.4666374103892749 0.649215279010062 0.05210891201185579 0.642810194669569 0.6537069992350839 0.9390301012916134 0.03694732213650502 0.433989860255416 0.311294922331203 0.7349530596989583 0.2223521372403441 0.778240654580891 0.01219810715028373 0.7672380306856027 0.2428104925521905 0.8597916685235039 0.5987628763299325 0.3007497347210668 0.3036523340241377 0.8499875869429431 0.9241855809780035 0.7589805943415128 0.6657634871265854 0.3426866497338562 0.3872804593799904 0.1688433787252159 0.8905471634970887 0.3351274924203162 0.1411146913006723 0.2538016912814503 0.9715877502878836 0.1196261524702664 0.125699436494652 0.4564755336509028 0.9015039408207878 0.5379390831041628 0.01885151053832206 0.5539817422441966 0.6991656350710327 0.006275911444920834 0.4514373051268063 0.9403750687006742 0.7791673476847698 0.4002318492335503 0.8416605140234374 0.1063570843059334 0.7522670634368486 0.1853486410380019 0.3773238553309717 0.03414955862355844 0.07028500928987928 0.1484726051619015 0.2346883840507856 0.189577786503558 0.1499687766865465 0.8610717960244145 0.3703539220401033 0.3964206947279658 0.5563901736634319 0.5164388064609614 0.9862992834561233 0.0001403849489017173 0.1749500771451247 0.5599610546640753 0.6190451666942612 0.3104725188679144 0.20725773196287 0.8867625440770767 0.668578272645228 0.9118601049190148 0.1088784111974939 0.6422893739964798 0.1173551487312254 0.6041336757637394 0.9404897703926851 0.2536222723464925 0.4699114177290003 0.2677290962889086 0.09184220948841497 0.5213960535001917 0.1996376152243619 0.17420589668811 0.8797728156927404 0.0312400590933523 0.3495453061458102 0.5968943862308477 0.4067434310000851 0.7424134619545028 0.7416745758861336 0.5160443139304602 0.5713569091672842 0.4660136270620373 0.605279964445106 0.3792383715858244 0.643549033788512
 0.1373515203975337 0.8092848867123253 0.5622946729266424 0.02670396561035886 0.6891712808731235 0.2497377183194168 0.2012943319426112 0.4069623408829608 0.2032896710762915 0.05421799929970798 0.7403300720853174 0.8637226048364399 0.1800199895759327 0.05845653278164757 0.7127994004542995 0.5639733728615544 0.2027886113629158 0.4439965859712001 0.2816715549836566 0.173861656788512 0.3644327186695112 0.59895041980843 0.3017040097477181 0.9063520912969363 0.6139489322543328 0.6166614743591503 0.6366354673392296 0.2523181711822951 0.386134343000992 0.05152135729520739 0.9139942070799156 0.9777713354984785 0.4074497474295271 0.01064593500570525 0.6328287895224793 0.3410946527778376 0.7549401381290862 0.2005911562852187 0.2119350007710908 0.8719911196972411 0.1016543080633512 0.1295912853497656 0.9685977992009233 0.1918050740416072 0.5167737044618862 0.7080735123911267 0.6543993672374854 0.8996514264999055 0.6466767579814889 0.4474942108091115 0.09975337302563651 0.5241297012690722 0.288924674024639 0.004787144491249551 0.5585222978153488 0.6114524665810003 0.6233317322452049 0.8182328332451756 0.3644180730833732 0.6274868656122083 0.2036563155638556 0.8228715119759635 0.2628390109467334 0.4735473626569076 0.7915957517026538 0.3002459357945568 0.07278673900398151 0.3074866698473431 0.3120543649153735 0.1689513784046858 0.1869535607346313 0.8911049804566807 0.869572658561901 0.8237594546766497 0.22146909796144 0.8781487263654446 0.1898311502958153 0.4202952897101276 0.8325650243286798 0.3382353960569994 0.1726265825064729 0.04289504829956496 0.9561018407733404 0.950706436547922 0.3277300876942094 0.0370966690316135 0.7051534161936261 0.4751344996135001 0.8145639305046758 0.1043633010682136 0.6761008158395513 0.5924900016407542 0.6687047286044484 0.4393861020389325 0.4115711801876041 0.5919428684371967 0.315590958182826 0.6228338654994514 0.3943693179925655 0.5901426888922513


# name: Y1
# type: matrix
# rows: 3
# columns: 100
 0.896416646656475 1.350706989842345 1.406746587529478 1.512944778022992 1.250181531179228 1.066507332164726 1.586568448377268 1.294084073876656 1.473700977147694 0.8992761107845201 1.495573204257423 1.637023340105156 1.134502080992797 1.515248556303824 1.074736809840213 1.53636313190649 1.492645376297215 1.787186704731709 1.390433465567424 1.719357072517963 1.382182844724727 1.656273889953716 0.8785316233429726 0.8727891798860093 0.9868858490655976 1.523465686720042 1.265999793761371 0.9601242572717422 0.8099149680970232 0.7754805210484872 1.158874361467779 1.108574469752992 1.717926872441125 1.649707238843699 0.8703216708497964 1.724569055524231 1.612605549705824 1.197213856279697 1.13125555982577 1.387848383075919 1.379958154080364 0.8004148245315584 1.348457540548779 1.27011961523057 1.110139482195439 1.568098072019291 1.27694312650339 0.8887385616665171 1.810778529407203 1.147298879935683 1.020189117808131 1.157585471395357 1.311338324067519 1.758637031605334 1.580431845025931 1.447165580458168 1.054376342163709 1.420119371023095 0.8745374469931626 1.443269921177613 1.511871733553294 1.412999198423383 1.282511844143694 0.860402523334876 1.313721984595298 0.947058148214885 1.367129469645517 1.126738845102439 1.372224010706272 1.507734732197103 1.39491542128139 1.407070040772868 0.9067883052010364 1.690120042921647 1.612388554615849 1.155065669275688 1.491655198028708 1.088661250859667 1.366052023641053 1.356586314549911 1.004639758018833 1.552103686027332 0.8878702630957388 1.090400911105454 1.508726995762041 1.085054135362996 1.413767433847014 1.376099859007774 1.823041276012251 1.396547875964877 1.74924753607048 0.7972674603419146 1.221584702455731 0.8545080004920228 1.515334357979935 1.045625615495184 1.26117180483647 1.703102422020553 1.080330277867289 0.9155724610258859
 0.1980363240210701 -0.3811854095979574 -0.1912949392998758 0.3522614102372831 -0.2625993778263389 0.1547479814030007 0.2046926782140127 -0.1422609315009272 0.2007412653931614 0.3120345022396278 -0.3709153984544829 -0.4385717391175237 0.2592596922716642 0.3682841900076521 -0.2692017514890749 -0.1773047257962082 0.2781846051978175 -0.05741216219871487 0.1117479627538663 0.2632668958737645 0.04540552991181734 -0.2019075358541029 0.01044513827709809 -0.4434531403741918 -0.187923626345527 -0.3071998557201367 -0.1929150484636018 0.08987616209874855 0.01029953843963521 0.3103920375019436 -0.5624699732387046 -0.6032108988313705 -0.07960360961829221 0.4570956841561927 -0.1981133244382412 0.1203834884395303 -0.4091224573429621 0.250007528492683 0.1119120814446192 -0.4982462388949812 0.2845592207752467 0.2759491582377221 -0.5481462358680378 0.2198642958879606 -0.1366870038307567 -0.3603356329000713 -0.3016501721280412 -0.4200399600969312 -0.1994207109208269 0.01130100425191766 0.3047338246114695 -0.1762233884414561 0.04691838220886096 0.3937125896297973 -0.1879309595617831 -0.2547446217867089 -0.2256233612820931 -0.4190060066383499 0.04985154189255497 -0.1618281180498821 0.1399611795213711 -0.3787681596273751 0.1647816730351994 0.002432757343100833 -0.4188712841115079 0.1147054061585792 0.2372249486391254 0.08901010783868385 0.1025854292976137 0.2494530303283681 0.1661182908868669 -0.4832951119990508 -0.4266985294594527 -0.424282743939992 0.1918206590623863 -0.4722182022323616 0.2344328491004748 0.01292244626904548 -0.4434689379197845 0.06935319103668602 0.3026253150317375 0.349881394223063 -0.611282356522836 -0.5794633608608686 0.03481131041619023 0.4072295581969886 -0.3653754157150891 -0.0751656890149337 -0.4807196696773448 0.3265147787404962 -0.2743577881362692 -0.2218927639554124 -0.210673455856752 0.003956893277015372 0.03074563325592689 -0.1890382159406499 -0.01837103971520671 -0.2023051802068341 0.1083202794194842 -0.1896361746514326
 0.529513585822124 0.7087458050421653 0.74742760189681 1.321864278330121 0.4818286600539222 0.8212012970822337 1.094708909533323 0.5026711903642147 1.064467158254143 0.9851855927143203 1.280044785470933 0.405682193349603 0.8336813704293315 0.624162436872695 1.139240395964502 0.5730337955302905 1.150207954177234 0.3581038441550052 1.166872293261398 0.5164927474104035 1.255115698836684 0.9802964315070015 0.7306835342587725 0.6210785239961319 1.199892510744285 1.390440116590068 1.020180368880423 1.024057254780528 0.7051377357046926 0.8468262890736382 0.5383493604414206 1.205892470746884 0.7385867108146559 0.5102422390912048 0.5848439731173953 1.358079447345779 0.4600126431194745 0.5251017796382466 0.7818564322708894 1.266221443578249 0.8835342757666023 0.3545829292870998 0.9210677274637673 1.079205687077375 0.3428019055020659 0.7592680274567205 1.364437620944783 1.175143051238388 0.7478315303509232 1.210999393543205 0.4606221757726056 1.137050678066353 0.4945206707491059 0.7734009614141687 0.3842698820650153 0.4850568383244508 0.565740123543109 0.6714877983725387 0.6121074625988876 0.540142267477379 1.220235107411228 0.7782967060302437 0.7240896607627795 0.8785931565573631 0.9661466098171096 1.356118884934299 0.3914597153490218 0.553345321296512 0.9700641048840659 0.9949536326954354 0.7099018471645733 0.6029885372958165 1.286707378986112 1.134292188858329 1.292368726638096 0.5045901079934838 1.048451093945103 0.5436909892958648 1.036140658409743 1.305338205626896 0.6486311682352831 0.765874419542514 0.6589056025752006 0.4288798818500605 0.8904387148141941 0.5747260824835242 0.5222954903121906 1.260870955119536 0.4748533026596219 0.7967620403046551 0.9697576771797793 0.8201391484070422 1.072251541752034 1.137139010900235 0.9636311557488415 0.9613908899853709 0.8302345733285315 1.011823698374625 0.7817843755980975 1.069338103547692


