#Podatki so v X in Y2 (vsak stoplec X se preslika v ustrezen stolpec Y2), generirani so bili z matriko 
# Q2 =
#
#  -0.854906  -0.508763  -0.101468
#  -0.044709  -0.122608   0.991448
#  -0.516853   0.852131   0.082072 
#
# in vektorjem 
# b2 =
#
#   7.5857
#   5.5767
#   5.0348

# name: X
# type: matrix
# rows: 3
# columns: 100
 0.068016077553309 0.5890459020093477 0.6122891609612539 0.6860060082044764 0.4260309359246284 0.3095525398408293 0.7815939664515498 0.438552015753539 0.7247383426805168 0.1587035734031874 0.7141787425715541 0.8471750385629664 0.3805266157662924 0.7052034023829722 0.2061410610200928 0.8280633499694979 0.7457955860087273 0.902311006603555 0.597268505908115 0.9469102224409035 0.5453301028400743 0.8636787548795961 0.09269983956430632 0.06520408588908015 0.2024113590681439 0.7233138262257275 0.4893110729344096 0.1634112236127005 0.02865729921995179 0.04007073342818838 0.4588009430479752 0.3556360279840041 0.9654935281810854 0.8527345958769386 0.07474989984103446 0.8753798762278612 0.8062271609227561 0.4776150320415152 0.288450805304248 0.5408167236065186 0.5695921089879296 0.06100989386735282 0.5455553813361814 0.5217075258609597 0.2900873675871951 0.7382367502676944 0.4282862745544211 0.007150510116712016 0.9687335670233383 0.4539274742715869 0.1407751975047469 0.3947719900830979 0.5750618359654089 0.9995260011268461 0.7643690662351017 0.6727128887572473 0.2525043932861145 0.6757498006160129 0.06667484781293102 0.7033335623927466 0.8205641673457099 0.5916468929444457 0.5446890199323203 0.1760339528503884 0.5687416578121105 0.2794175459130804 0.5710137963224975 0.4327417168841872 0.5920063044388301 0.7523491177619812 0.6251867023886342 0.6046971229766074 0.1328423724810732 0.8470271015225084 0.8159524246245156 0.2819766548726805 0.6433999421523995 0.3704576870213037 0.5653700041279164 0.507684873662598 0.1514728794724139 0.7600819105604271 0.1505244932326371 0.2737007735555482 0.7224171378114939 0.3190910606217066 0.6408928301565729 0.5863929607040912 0.8886379968257686 0.6046497440090964 0.9646454118426707 0.06714641259028535 0.4129016863936314 0.0158674825097425 0.7480920475929488 0.3457536180316568 0.5608619262453893 0.8407878564305257 0.2145400978542061 0.1627838543497005
 0.284993105526884 0.3138769324603068 0.3379712124012677 0.8770623427949542 0.07061728298567187 0.4666374103892749 0.649215279010062 0.05210891201185579 0.642810194669569 0.6537069992350839 0.9390301012916134 0.03694732213650502 0.433989860255416 0.311294922331203 0.7349530596989583 0.2223521372403441 0.778240654580891 0.01219810715028373 0.7672380306856027 0.2428104925521905 0.8597916685235039 0.5987628763299325 0.3007497347210668 0.3036523340241377 0.8499875869429431 0.9241855809780035 0.7589805943415128 0.6657634871265854 0.3426866497338562 0.3872804593799904 0.1688433787252159 0.8905471634970887 0.3351274924203162 0.1411146913006723 0.2538016912814503 0.9715877502878836 0.1196261524702664 0.125699436494652 0.4564755336509028 0.9015039408207878 0.5379390831041628 0.01885151053832206 0.5539817422441966 0.6991656350710327 0.006275911444920834 0.4514373051268063 0.9403750687006742 0.7791673476847698 0.4002318492335503 0.8416605140234374 0.1063570843059334 0.7522670634368486 0.1853486410380019 0.3773238553309717 0.03414955862355844 0.07028500928987928 0.1484726051619015 0.2346883840507856 0.189577786503558 0.1499687766865465 0.8610717960244145 0.3703539220401033 0.3964206947279658 0.5563901736634319 0.5164388064609614 0.9862992834561233 0.0001403849489017173 0.1749500771451247 0.5599610546640753 0.6190451666942612 0.3104725188679144 0.20725773196287 0.8867625440770767 0.668578272645228 0.9118601049190148 0.1088784111974939 0.6422893739964798 0.1173551487312254 0.6041336757637394 0.9404897703926851 0.2536222723464925 0.4699114177290003 0.2677290962889086 0.09184220948841497 0.5213960535001917 0.1996376152243619 0.17420589668811 0.8797728156927404 0.0312400590933523 0.3495453061458102 0.5968943862308477 0.4067434310000851 0.7424134619545028 0.7416745758861336 0.5160443139304602 0.5713569091672842 0.4660136270620373 0.605279964445106 0.3792383715858244 0.643549033788512
 0.1373515203975337 0.8092848867123253 0.5622946729266424 0.02670396561035886 0.6891712808731235 0.2497377183194168 0.2012943319426112 0.4069623408829608 0.2032896710762915 0.05421799929970798 0.7403300720853174 0.8637226048364399 0.1800199895759327 0.05845653278164757 0.7127994004542995 0.5639733728615544 0.2027886113629158 0.4439965859712001 0.2816715549836566 0.173861656788512 0.3644327186695112 0.59895041980843 0.3017040097477181 0.9063520912969363 0.6139489322543328 0.6166614743591503 0.6366354673392296 0.2523181711822951 0.386134343000992 0.05152135729520739 0.9139942070799156 0.9777713354984785 0.4074497474295271 0.01064593500570525 0.6328287895224793 0.3410946527778376 0.7549401381290862 0.2005911562852187 0.2119350007710908 0.8719911196972411 0.1016543080633512 0.1295912853497656 0.9685977992009233 0.1918050740416072 0.5167737044618862 0.7080735123911267 0.6543993672374854 0.8996514264999055 0.6466767579814889 0.4474942108091115 0.09975337302563651 0.5241297012690722 0.288924674024639 0.004787144491249551 0.5585222978153488 0.6114524665810003 0.6233317322452049 0.8182328332451756 0.3644180730833732 0.6274868656122083 0.2036563155638556 0.8228715119759635 0.2628390109467334 0.4735473626569076 0.7915957517026538 0.3002459357945568 0.07278673900398151 0.3074866698473431 0.3120543649153735 0.1689513784046858 0.1869535607346313 0.8911049804566807 0.869572658561901 0.8237594546766497 0.22146909796144 0.8781487263654446 0.1898311502958153 0.4202952897101276 0.8325650243286798 0.3382353960569994 0.1726265825064729 0.04289504829956496 0.9561018407733404 0.950706436547922 0.3277300876942094 0.0370966690316135 0.7051534161936261 0.4751344996135001 0.8145639305046758 0.1043633010682136 0.6761008158395513 0.5924900016407542 0.6687047286044484 0.4393861020389325 0.4115711801876041 0.5919428684371967 0.315590958182826 0.6228338654994514 0.3943693179925655 0.5901426888922513


# name: Y2
# type: matrix
# rows: 3
# columns: 100
 7.330391681883579 6.808105121188174 6.759805537765871 6.571931800632003 7.131593447648434 7.079463582210623 6.607447283135018 7.110509529274816 6.5940755126312 7.064070474366479 6.371723099683956 6.795331784228186 6.950555543752288 6.815140532882818 6.902349703801475 6.711306039456359 6.508501217232435 6.730359953703759 6.691690162798841 6.675849450253394 6.687111218800793 6.47866351802292 7.345111611249416 7.286589901549248 6.975502615302001 6.45200124235601 6.734604580830278 7.033162252402336 7.331889666911485 7.302883562814046 7.028124453946353 6.801688139019198 6.530764525777482 6.838982590867738 7.401588813780331 6.350585618890943 6.753841410829837 7.159010324266637 7.100083264446865 6.545968076689645 6.771575946734387 7.48184465584206 6.802423650847093 6.777221997268004 7.36859345746533 6.587402554248717 6.699802507447741 7.094773519923613 6.542818184297144 6.775076011937794 7.475044577796441 6.908276622192602 6.970461179009792 6.456422517579906 6.873139182123609 6.874624147484456 7.2719854977886 6.792115791771405 7.38363715874046 6.95479668629993 6.352463515563139 6.872950702556016 6.890274786573714 7.191379021273133 6.742089992869222 6.7968592115891 7.061650978958346 7.128436884541542 6.716518623505692 6.672870836579242 6.893400849584263 6.832516730695485 6.805096526607341 6.411219370515967 6.401639014706694 7.12077543089693 6.779580049500885 7.129258963516733 6.716727467719578 6.575597309921688 7.381279565310834 6.697659869344772 7.202668559823357 7.182653497904879 6.69983816586412 7.208888347484046 6.820016807287685 6.630744618809235 6.718991544826684 6.881843745768615 6.461424105646827 7.324245606736643 6.767068806100862 7.126091666972629 6.678490921087547 6.937967861697234 6.855422727914988 6.474516450438243 7.160340386211382 7.03781078687725
 5.775485413100516 6.266138727880985 6.071539110859987 5.530407067182241 6.185728054282027 5.77482013136874 5.635705302734122 5.900831055913375 5.670068778321331 5.557127699116538 6.193130447035686 6.411587401052116 5.667141617845663 5.6008754318571 6.205472580150373 6.129171877156737 5.73692643065843 6.020562701500975 5.794556214374557 5.641588935906797 5.788142816096015 6.089893101466869 5.90402365189658 6.503530397986027 6.10511307417175 6.086127652367839 6.164016301651337 5.686442225907067 5.889712224930111 5.522974566142818 6.323818941220582 6.468940556467904 5.901624768721182 5.50052836184394 6.107734425644702 5.750931857941783 6.296361032405316 5.82243843621233 5.669753573655656 6.37261774744256 5.557245201650349 5.720232567310208 6.493434213746533 5.690951198711804 6.056622579734181 6.224797509664059 6.032312777175522 6.417338537518085 6.10871586473932 5.984930132533626 5.661880622924326 6.015451214114242 5.838360387208689 5.47756354924642 6.1021789668768 6.151562645816798 6.198291344269091 6.22151768203501 5.93130888887256 6.170964494592484 5.654474193381941 6.428408522499749 5.665295682621514 6.052121014888818 6.29205814461306 5.705522002351945 5.63315500733366 5.908896654878426 5.698360380280283 5.65942075326442 5.687098297520267 6.472250023277448 6.3128584455477 6.266776763351061 5.70792091085214 6.359651847461108 5.632278373842393 5.952515153511104 6.293419305628789 5.793892780037305 5.689370261405871 5.514565882476412 6.480527920606008 6.586089956101016 5.845709621914911 5.583831065473107 6.27123137165982 5.864618724903545 6.424390650409345 5.600413221200334 6.090192113981949 6.060867365176894 6.076052222605462 5.832427187228464 5.857464133881718 6.079972801758253 5.825540105903546 6.077686965191467 5.833627804844353 6.086964787113527
 5.217497048830066 5.05871966638386 5.074427587119328 5.427304231321366 4.936638716194294 5.325082353001422 5.280626199863377 4.935962384935589 5.132742724960499 5.568875320673468 5.471188561261088 4.686646318976788 5.165494650310557 4.934664076317739 5.576938468614164 4.884653425629349 5.360310046460706 4.574319755130554 5.398167302408106 4.764920444124524 5.56870861037866 5.10830227688169 5.165751716313109 5.403825669139861 5.725869972504485 5.521039181260209 5.44459972188448 5.589441159505743 5.315810324370968 5.398307221407978 5.04535181282162 5.653277949312518 4.783626134490327 4.660374519141841 5.295569667515533 5.375619692332961 4.777254847046624 4.875768308403381 5.313307302971821 5.559055670263495 5.234570581392744 5.087465911912166 5.412769392746373 5.44181203721282 4.868440048317535 5.18655515847774 5.617317337369069 5.747172717283657 4.922284699144899 5.653884740928285 5.006375708088056 5.474532155198118 4.927615120564348 4.927244929513416 4.647374153933804 4.830007707861087 5.082647458341214 4.904269845957929 5.231771684436537 4.823192912385834 5.342755430854222 5.186916038773758 5.194118177155136 5.456153837618327 5.339640259444505 5.773625735211968 4.760898564221405 5.054287530473132 5.279522365274326 5.164326160029403 4.970790237527536 5.02747938621199 5.752052169183856 5.123192430741224 5.428011454776064 5.086102751465035 5.264209480307691 5.020088826112337 5.296992895494853 5.600296979482267 5.169160217616616 4.962543767660375 5.274574447851538 5.024741318638073 5.105189794704198 5.087675915977985 4.876605683938493 5.480452681586328 4.718543268744403 4.930724216809021 5.140611895710395 5.32662732800611 5.417590677522457 5.702158052699457 5.121291804457655 5.354086703102155 5.108704245125097 5.136590469134719 5.324619546279536 5.538805420444596


